334.69557964970807
338.1818181818182
338.1818181818182
334.54545454545456
338.1818181818182
334.54545454545456
332.72727272727275
334.54545454545456
334.54545454545456
338.1818181818182
334.54545454545456
338.1818181818182
334.54545454545456
334.54545454545456
332.72727272727275
334.54545454545456
334.54545454545456
334.54545454545456
334.54545454545456
334.54545454545456
332.72727272727275
334.54545454545456
334.54545454545456
332.72727272727275
334.54545454545456
332.72727272727275
338.1818181818182
338.1818181818182
334.54545454545456
338.1818181818182
334.54545454545456
332.72727272727275
332.72727272727275
332.72727272727275
329.09090909090907
332.72727272727275
334.54545454545456
338.1818181818182
332.72727272727275
332.72727272727275
332.72727272727275
332.72727272727275
332.72727272727275
332.72727272727275
332.72727272727275
332.72727272727275
332.72727272727275
332.72727272727275
332.72727272727275
332.72727272727275
332.72727272727275
332.72727272727275
338.1818181818182
332.72727272727275
332.72727272727275
334.54545454545456
334.54545454545456
338.1818181818182
334.54545454545456
329.09090909090907
334.54545454545456
334.54545454545456
334.54545454545456
334.54545454545456
334.54545454545456
334.54545454545456
338.1818181818182
332.72727272727275
329.09090909090907
332.72727272727275
334.54545454545456
334.54545454545456
338.1818181818182
332.72727272727275
332.72727272727275
334.54545454545456
338.1818181818182
332.72727272727275
332.72727272727275
332.72727272727275
338.1818181818182
338.1818181818182
338.1818181818182
338.1818181818182
338.1818181818182
338.1818181818182
338.1818181818182
338.1818181818182
332.72727272727275
332.72727272727275
338.1818181818182
332.72727272727275
338.1818181818182
338.1818181818182
332.72727272727275
332.72727272727275
332.72727272727275
332.72727272727275
332.72727272727275
338.1818181818182
334.54545454545456
332.72727272727275
338.1818181818182
332.72727272727275
332.72727272727275
338.1818181818182
338.1818181818182
338.1818181818182
338.1818181818182
332.72727272727275
